400
428 35620 259447 46337 8414 259386 177161 496306 195452 142437 13287 103398 1042
12 307367 475190 10914 443200 433279 466194 106155 370297 456211 249392 189317 1
626 49510 90259 287217 18955 497175 10180 41219 78498 204188 115451 321181 41920
9 2988 273277 341338 24646 292261 209489 256379 36429 209135 341166 3382 81470 2
87195 454120 469290 183309 348337 372135 7596 21559 75343 294374 17385 42148 121
459 348386 42710 169212 457461 315432 36979 158132 209491 256118 6076 30519 3183
51 157447 15399 71275 111429 334406 22295 6272 419214 454183 386239 111468 33418
6 287210 311285 219345 224254 158302 68336 29589 19303 456360 271295 252310 3041
61 174269 195183 31552 341465 414495 352220 434209 122392 116137 166472 49284 30
7445 49014 6284 199438 440347 204187 52114 242104 7748 473122 19473 430159 30231
6 132211 184141 211303 137128 64434 336330 366148 47491 124227 489261 13623 3192
9 152337 461355 387300 219414 498152 79232 159306 13231 19451 216258 186116 3104
54 98318 351376 245195 466369 26221 137203 24378 1820 322151 35092 474365 309208
 247325 74451 363198 3404 214416 293234 248452 418247 257186 51412 495126 24167
99466 273159 872 378116 212120 49050 3373 177316 375382 15135 135340 199209 4272
45 252367 26261 427206 179256 47393 81467 214161 19895 53183 1649 254170 143370
262137 128356 298407 437472 135243 242409 472419 296441 116383 2842 382315 43012
 12637 347146 2292 160102 35786 152212 130206 30745 336473 343184 5366 30777 417
237 179382 14830 259463 42293 211476 20943 459432 436354 134372 272110 444238 10
8281 229180 45116 384284 129154 328293 43592 116370 42850 28477 396162 19114 144
338 44445 226458 378393 478414 35175 308109 15815 358195 300336 327468 88258 248
169 45431 24258 362367 472189 28057 46271 219413 18376 170159 207192 27588 44737
1 362328 373260 384215 190233 3458 355286 9475 22484 15482 340140 236106 381197
243110 313389 337120 35623 324103 48481 64430 21551 96223 40304 400321 44527 157
278 414462 317308 494462 167183 126330 229328 322246 192375 488282 272189 22419
341208 492444 37687 293205 350419 438276 398222 133482 25250 342317 29526 392161
 15375 258491 34477 391192 178407 139215 624 475171 1091 288231 374350 82355 436
167 318294 159363 158412 309282 117274 43147 147251 212319 33265 3948 4160 25246
8 10679 19160 2069 23238 105114 13652 257166 58226 21236 38381 193463 51322 4591
13 495355 1385 197401 126247 215318 41257 343215 416268 360404 172383 1850 51396
 325197 44125 38276 92492 154410 28425 5458 31172 363389 189171 28334 426390 813
30 16313 180314 17408 72442 420352 255291 305202 68347 9065 232459 32229 242405
26382 37411 43517 208308 3525 4262 12632 143164 165421 16